    59,
    59,
    60,
    61,
    62,
    62,
    63,
    64,
    65,
    66,
    66,
    67,
    68,
    69,
    70,
    71,
    72,
    73,
    74,
    75,
    76,
    77,
    78,
    79,
    80,
    81,
    82,
    83,
    84,
    85,
    86,
    87,
    88,
    89,
    90,
    91,
    92,
    93,
    94,
    95,
    97,
    98,
    99,
   100,
   101,
   102,
   103,
   104,
   104,
   105,
   106,
   107,
   108,
   109,
   110,
   111,
   111,
   112,
   113,
   113,
   114,
   115,
   115,
   116,
   116,
   117,
   117,
   118,
   118,
   118,
   118,
   118,
   119,
   119,
   119,
   119,
   118,
   118,
   118,
   118,
   118,
   117,
   117,
   116,
   116,
   115,
   115,
   114,
   113,
   113,
   112,
   111,
   111,
   110,
   109,
   108,
   107,
   106,
   105,
   104,
   103,
