    65
    65
    66
    66
    66
    67
    67
    68
    68
    68
    69
    69
    70
    70
    70
    71
    71
    72
    72
    72
    73
    73
    74
    74
    74
    75
    75
    75
    76
    76
    76
    77
    77
    77
    78
    78
    78
    78
    79
    79
    79
    79
    79
    80
    80
    80
    80
    80
    81
    81
    81
    81
    81
    82
    82
    82
    83
    84
    86
    89
    91
    93
    95
    97
    99
   101
   102
   104
   105
   106
   107
   108
   108
   109
   109
   109
   109
   109
   108
   108
   107
   106
   105
   104
   102
   101
    99
    97
    95
    93
    91
    89
    86
    84
    81
    78
    75
    71
    68
    64
    60
