   121
   121
   122
   123
   123
   124
   125
   125
   126
   127
   128
   128
   129
   130
   131
   132
   133
   134
   135
   136
   137
   138
   139
   140
   141
   142
   143
   144
   145
   146
   147
   148
   149
   150
   152
   153
   154
   155
   156
   158
   159
   160
   161
   163
   164
   165
   166
   168
   169
   170
   171
   173
   174
   175
   177
   178
   179
   180
   180
   180
   180
   180
   180
   180
   180
   180
   180
   180
   180
   180
   180
   180
   180
   180
   180
   180
   180
   180
   180
   180
   180
   180
   180
   180
   180
   180
   180
   180
   180
   180
   180
   180
   180
   180
   180
   180
   180
   180
   180
   180
   180
