    46
    46
    45
    45
    45
    44
    44
    43
    43
    43
    42
    42
    42
    41
    41
    41
    40
    40
    40
    40
    39
    39
    39
    39
    38
    38
    38
    38
    38
    38
    37
    37
    37
    37
    37
    37
    37
    38
    38
    38
    38
    38
    39
    39
    40
    40
    41
    42
    42
    43
    44
    45
    46
    48
    49
    51
    52
    54
    56
    57
    59
    61
    63
    64
    66
    68
    70
    72
    73
    75
    77
    79
    81
    83
    85
    86
    88
    90
    91
    93
    94
    96
    97
    98
    99
   100
   101
   102
   102
   103
   103
   103
   103
   103
   103
   102
   102
   101
   100
    99
    98
