    46    65   121
    46    65   121
    45    66   122
    45    66   123
    45    66   123
    44    67   124
    44    67   125
    43    68   125
    43    68   126
    43    68   127
    42    69   128
    42    69   128
    42    70   129
    41    70   130
    41    70   131
    41    71   132
    40    71   133
    40    72   134
    40    72   135
    40    72   136
    39    73   137
    39    73   138
    39    74   139
    39    74   140
    38    74   141
    38    75   142
    38    75   143
    38    75   144
    38    76   145
    38    76   146
    37    76   147
    37    77   148
    37    77   149
    37    77   150
    37    78   152
    37    78   153
    37    78   154
    38    78   155
    38    79   156
    38    79   158
    38    79   159
    38    79   160
    39    79   161
    39    80   163
    40    80   164
    40    80   165
    41    80   166
    42    80   168
    42    81   169
    43    81   170
    44    81   171
    45    81   173
    46    81   174
    48    82   175
    49    82   177
    51    82   178
    52    83   179
    54    84   180
    56    86   180
    57    89   180
    59    91   180
    61    93   180
    63    95   180
    64    97   180
    66    99   180
    68   101   180
    70   102   180
    72   104   180
    73   105   180
    75   106   180
    77   107   180
    79   108   180
    81   108   180
    83   109   180
    85   109   180
    86   109   180
    88   109   180
    90   109   180
    91   108   180
    93   108   180
    94   107   180
    96   106   180
    97   105   180
    98   104   180
    99   102   180
   100   101   180
   101    99   180
   102    97   180
   102    95   180
   103    93   180
   103    91   180
   103    89   180
   103    86   180
   103    84   180
   103    81   180
   102    78   180
   102    75   180
   101    71   180
   100    68   180
    99    64   180
    98    60   180
